1320141600       Sup       -0.00001521448144976371        0.00005243720835394959       -0.00000331931912829062       24.49385277209296418732      699.99994206850396949449       12.00239505713149945620
1320148800       Sup       -0.00006981805542003801        0.00023948729941860195        0.00000078435824965091       24.49240748245540544303      699.99849677886641075020       13.21742135331525602737
1320156000       Sup       -0.00006078551861284803        0.00025237101859703595        0.00000068683482829611       24.49085710730207665620      699.99694640371308196336       14.73295349723258063079
1320163200       Sup       -0.00005338681365484944        0.00026715153342540479        0.00000071379437116602       24.48929013548388411436      699.99537943189488942153       15.85464545544204462146
1320170400       Sup       -0.00004799265854878142        0.00028044276519186711        0.00000069363781741056       24.48766285539193177101      699.99375215180293707817       16.41883172958619496740
1320177600       Sup       -0.00004716258559471361        0.00028851959421287914        0.00000068936089123280       24.48600617964439152274      699.99209547605539682991       16.30776928723100027696
1320184800       Sup       -0.00004541820924413870        0.00029793674122381692        0.00000064629735145886       24.48431597872297516005      699.99040527513398046722       16.02907532837832960126
1320192000       Sup       -0.00004538320198391036        0.00030540451660783562        0.00000061667173238473       24.48257705840853759582      699.98866635481954290299       15.71112915273010735007
1320199200       Sup       -0.00004649758480365882        0.00031114715033360397        0.00000062866125231037       24.48081340231146896258      699.98690269872247426974       15.28449559152099368475
1320206400       Sup       -0.00004772306706028609        0.00031718922356634708        0.00000060897889617482       24.47902743247232137946      699.98511672888332668663       14.85729387768186349206
1320213600       Sup       -0.00004935527118992816        0.00032176970752559645        0.00000059915761918510       24.47721771225064912869      699.98330700866165443585       14.44208588117280100960
