         1       -0.80325563185903892105       11.99944218358898773147
         1       -0.80292553647918996074       11.99888459641088367391
         1       -0.80264083936051522361       11.99832720693910381726
         1       -0.80240204904609224723       11.99776998329393684628
         1       -0.80220967402027587578       11.99721289324253525876
         1       -0.80206422269737698283       11.99665590419899707797
         1       -0.80196620341009883237       11.99609898322441203788
         1       -0.80191612439777970600       11.99554209702691487394
         1       -0.80191449379432944156       11.99498521196177946990
         1       -0.80196181961600510046       11.99442829403149701761
         1       -0.80205860974895260007       11.99387130888583286037
         1       -0.80220537193645546914       11.99331422182198281234
         1       -0.80240261376600019450       11.99275699778464954193
         1       -0.80265084265613018122       11.99219960136613494228
         1       -0.80295056584300827929       11.99164199680652131974
         1       -0.80330229036678579835       11.99108414799376554072
         1       -0.80370652305774326063       11.99053054373273319300
         1       -0.80416572982050571472       11.98997943189025860988
         1       -0.80467966306873917048       11.98942794464564265411
         1       -0.80524760155829722130       11.98887737408632503389
         1       -0.80587062423623623264       11.98832698882305969335
         1       -0.80654893661960214146       11.98777140758395276521
         1       -0.80728075334470961177       11.98721079575551762275
         1       -0.80806667820110300582       11.98664963786672288393
         1       -0.80890915833426679793       11.98608789489789572258
         1       -0.80980869813043210304       11.98552552736838805458
         1       -0.81076580156674415978       11.98496249526091084192
         1       -0.81178097216300293404       11.98439875810126409306
         1       -0.81285471299934475287       11.98383427512941068471
         1       -0.81398752677212471429       11.98326900531941063832
         1       -0.81517991578496062921       11.98270290729332643309
         1       -0.81643238189464384380       11.98213593935185272699
         1       -0.81774542650644832520       11.98156805952827497208
         1       -0.81911955057901231214       11.98099922550793650089
         1       -0.82055525457209688156       11.98042939458130540231
         1       -0.82205303840838195306       11.97985852371731851918
         1       -0.82361340148603356948       11.97928656956848669779
         1       -0.82523684266197872006       11.97871348839327865221
         1       -0.82692386020014230219       11.97815010516669254059
         1       -0.82867954244871178116       11.97759526971019106156
         1       -0.83050392042023746253       11.97704491341176336050
         1       -0.83239579427199761330       11.97649373695871055645
         1       -0.83435344425193325169       11.97593620384803791978
         1       -0.83637504787847971599       11.97536864085643237843
         1       -0.83845956575325064630       11.97479077469947661427
         1       -0.84060739180316990105       11.97420701930637498833
         1       -0.84282090189889424803       11.97362172631974353010
         1       -0.84510244865278971726       11.97303484868836775945
         1       -0.84745252356160527540       11.97244633889566145513
         1       -0.84987161727429560987       11.97185614897545491431
         1       -0.85236021957673913096       11.97126423059745725652
         1       -0.85491881940588254629       11.97067053508842882081
         1       -0.85754790483645570998       11.97007501338863022511
         1       -0.86024796303989736757       11.96947761608014992873
         1       -0.86301948027362351823       11.96887829349174126037
         1       -0.86586294190291446249       11.96827699581803550188
         1       -0.86877883242920839191       11.96767367316024177626
         1       -0.87176763548504410117       11.96706827537294692831
         1       -0.87482983374562450773       11.96646075181473456439
         1       -0.87796590879805569418       11.96585105125315529051
         1       -0.88117634107571474189       11.96523912196139782793
         1       -0.88401010962717818664       11.96462522537545858370
         1       -0.88684785188280734758       11.96400935858575920179
         1       -0.88968957350862887257       11.96339230267274444941
         1       -0.89253562046448942091       11.96277457293698631702
         1       -0.89538622455360983299       11.96215409834262288769
         1       -0.89824049357180757447       11.96153032016740347387
         1       -0.90109819015354419847       11.96090455733490287571
         1       -0.90395989422067590802       11.96027680712838048294
         1       -0.90682561142023210277       11.95964706688485001962
         1       -0.90969534740580282328       11.95901533394218851925
         1       -0.91256910781447719838       11.95838415749029870483
         1       -0.91544801475622317177       11.95775271752646595758
         1       -0.91833171919768696867       11.95711721163520557809
         1       -0.92121856321871242734       11.95647747623642231929
         1       -0.92410847908584670130       11.95583573333738769406
         1       -0.92700244665554898393       11.95519198010563854950
         1       -0.92990047138661313664       11.95454621387466787041
         1       -0.93280255879362150573       11.95389843209897939857
         1       -0.93570871442745806590       11.95324863229515699459
         1       -0.93861894384961119808       11.95259681200298018666
         1       -0.94153325261510700805       11.95194296877195583306
         1       -0.94445164626658117957       11.95129714980679302982
         1       -0.94737857562659077981       11.95067632447566197129
         1       -0.95032157422747998154       11.95008265684809245499
         1       -0.95328164372648083180       11.94951446882585521791
         1       -0.95625808513063670357       11.94896729080724284699
         1       -0.95924895687262901056       11.94843563446609202572
         1       -0.96225185666035917276       11.94791449601960486859
         1       -0.96526458811214455036       11.94740014816821194188
         1       -0.96828551456178713064       11.94688966083186443257
         1       -0.97131334817750991650       11.94637985576541261423
         1       -0.97434668511824973347       11.94586681916232073775
         1       -0.97738378718458218675       11.94534566650330553728
         1       -0.98042247496610979152       11.94481084671986081958
         1       -0.98346026179852086280       11.94425730810256780501
         1       -0.98649487473337515997       11.94368136691912241076
         1       -0.98952464530526307307       11.94308104122228186839
         1       -0.99254866250464324207       11.94245626407227867105
         1       -0.99556687246406683212       11.94180892623725220858
         1       -0.99858010200663283040       11.94114315529232506208
         1       -1.00159018880117423045       11.94046547292460935807
         1       -1.00460005737899615852       11.93978392644596020489
         1       -1.00761333263156793727       11.93910663234649405240
         1       -1.01063368532966824098       11.93844031548771589257
         1       -1.01366417170312916873       11.93778902940566410962
         1       -1.01670665100500734468       11.93715383270067853516
         1       -1.01976163279758558211       11.93653332725642712830
         1       -1.02282851425104870380       11.93592410904409817363
         1       -1.02590577919473280311       11.93532135428354479245
         1       -1.02899125990888107296       11.93471985646416300142
         1       -1.03208260566059517593       11.93411494160760533134
         1       -1.03517769865030517806       11.93350268984944051454
         1       -1.03827475623428844287       11.93287947606225962716
         1       -1.04137212298775905239       11.93224185674251458522
         1       -1.04446821968932623825       11.93158712572670232532
         1       -1.04756179786506975482       11.93091345481678189344
         1       -1.05065200586436602315       11.93021955552277191259
         1       -1.05373823588507398163       11.92950448092005721890
         1       -1.05682003433200555342       11.92877057538027862904
         1       -1.05989845709041197175       11.92803451515806933969
         1       -1.06069677164832620875       11.92729788723675632411
         1       -1.06149197427339281319       11.92656069923291362045
         1       -1.06228408556483788772       11.92582295993000940371
         1       -1.06307312662551001203       11.92508467850080577932
         1       -1.06385911870370120091       11.92434586328950985035
         1       -1.06464208263740789384       11.92360652045370450480
         1       -1.06542203823923831152       11.92287737196115138261
         1       -1.06620387284585893539       11.92216517640526873834
         1       -1.06699064961394918249       11.92146410713703197359
         1       -1.06777971393396198252       11.92076547749811687993
         1       -1.06856713165043704095       11.92005877389916790321
         1       -1.06934816442569435857       11.91933315432743967222
         1       -1.07011795129379660985       11.91859000739012408587
         1       -1.07087716844805669325       11.91784630372035813650
         1       -1.07163350016564828948       11.91710204309038978465
         1       -1.07238696330591709582       11.91635722857114387807
         1       -1.07313757619879734939       11.91561186604629618557
         1       -1.07388535841709420460       11.91486596342961590267
         1       -1.07463033041781175214       11.91411952987499134338
         1       -1.07537251318303384018       11.91337257502219237892
         1       -1.07611192787969023321       11.91262510850466149748
         1       -1.07684859563875989785       11.91187713974399819961
         1       -1.07758253746395982198       11.91112867761547633449
         1       -1.07831377408377004912       11.91037972975732728287
         1       -1.07904232564650737203       11.90963030219873175497
         1       -1.07976821155914626260       11.90888039960467992273
         1       -1.08049145060060536316       11.90813002441520218611
         1       -1.08121206054515739403       11.90737917627389741426
         1       -1.08193005791669394355       11.90665196775330336720
         1       -1.08265609429880571568       11.90594924126371090267
         1       -1.08339051511640960257       11.90526066585661801867
         1       -1.08412874902790035136       11.90457646749277742515
         1       -1.08486649357180842124       11.90388588709198636195
         1       -1.08559903691727832609       11.90317812355630167076
         1       -1.08632167377400001840       11.90244504250776458321
         1       -1.08703089064496150051       11.90169015214776315759
         1       -1.08772828036702828847       11.90093475139318357492
         1       -1.08842319160106848486       11.90017884284736027212
         1       -1.08911564213083278396       11.89942243011248734774
         1       -1.08980565015897745695       11.89866551848084519349
         1       -1.09049323460469604896       11.89790811424871463942
         1       -1.09117841480109922792       11.89715022419383139152
         1       -1.09186121026586668847       11.89639185540771393335
         1       -1.09254164062739489438       11.89563301468656497661
         1       -1.09321972536056044589       11.89487370874064708914
         1       -1.09389548387811585961       11.89411394371881058873
         1       -1.09456893532593024787       11.89335372571261473240
         1       -1.09524009880179651333       11.89259306041453889691
         1       -1.09590899320867096733       11.89183195186886621286
         1       -1.09657563671921520765       11.89107040260083714145
         1       -1.09724004683593712173       11.89030841294429308164
         1       -1.09790224010735948390       11.88954617662363766328
         1       -1.09856231582810193181       11.88880082794413262093
         1       -1.09922761269187496680       11.88806191466127160083
         1       -1.09989365710819519961       11.88731749918368763019
         1       -1.10055536559263855700       11.88655563921212987566
         1       -1.10120767905106564655       11.88579089462887061757
         1       -1.10185683222969421635       11.88502567564160905533
         1       -1.10250386889756368802       11.88425998090732704782
         1       -1.10314880487102806583       11.88349381172952590191
         1       -1.10388409788231123265       11.88272710762843153987
         1       -1.10462025569328092800       11.88195987213463311605
         1       -1.10535727914310477615       11.88119210994017471705
         1       -1.10609516956839115664       11.88042382620101378166
         1       -1.10683392850822182041       11.87965502588736121936
         1       -1.10757355742811025578       11.87888571332145204451
         1       -1.10831405752258715935       11.87811589196895134535
         1       -1.10905542962501568738       11.87734556442761046924
         1       -1.10979767420127206634       11.87657473240689576244
         1       -1.11054079133948357949       11.87580339672552476316
         1       -1.11128478074747194526       11.87503155749696048815
         1       -1.11202964183057173564       11.87425921437360187838
         1       -1.11277537379505431225       11.87348636626034803498
         1       -1.11352197552447806927       11.87271301116998323266
         1       -1.11426944551619544477       11.87193914699242469624
         1       -1.11501778221034775207       11.87116477157379001994
         1       -1.11576698402364660190       11.87038988201005729195
         1       -1.11651704904522319772       11.86961447531479763029
         1       -1.11726797532294241933       11.86883854877070554323
         1       -1.11801976101481637116       11.86806209944993639738
         1       -1.11877240418244361386       11.86728512514109645792
         1       -1.11952590319101719096       11.86650762451866114588
         1       -1.12028025678378173602       11.86572959633000223789
         1       -1.12103546373197082708       11.86495103998469957673
         1       -1.12179152309004059873       11.86417195549321768056
         1       -1.12254843417033711717       11.86339234296024081061
         1       -1.12330619632441708333       11.86261220303091157291
         1       -1.12406480913691386725       11.86183153664904565971
         1       -1.12482427232150805629       11.86105034486849874042
         1       -1.12558458563944219222       11.86026862917475099835
         1       -1.12634574903967021875       11.85948639117390612796
         1       -1.12710776252420807886       11.85870363241418701250
         1       -1.12787062607056154384       11.85792035429826540849
         1       -1.12863433959338155255       11.85713655763508711516
         1       -1.12939890274853471652       11.85635224231583251253
         1       -1.13016431479041123964       11.85557066563299244422
         1       -1.13093199955246292987       11.85480820312153404927
         1       -1.13170912760229525063       11.85405885092856514973
         1       -1.13249308987305252749       11.85331472969008004270
         1       -1.13328044616293044378       11.85256699514500766668
         1       -1.13406732120944941933       11.85180697684446649021
         1       -1.13484990296252119535       11.85102729542200350465
         1       -1.13562493397688912822       11.85023865852219060457
         1       -1.13639710284685024888       11.84944947241015711370
         1       -1.13717010075898095067       11.84865973741987410506
         1       -1.13794392711164515930       11.84786945534351865206
         1       -1.13871858194510600093       11.84707862907299791289
         1       -1.13949406578606127205       11.84628726216475236299
         1       -1.14027037945743758840       11.84549535831038014067
         1       -1.14104752384554486433       11.84470292072913721881
         1       -1.14182549963153889827       11.84390995170720017882
         1       -1.14260430708644689091       11.84311645244642541286
         1       -1.14338394600241688437       11.84232242305285787154
         1       -1.14416441568553084451       11.84152786254982103742
         1       -1.14494571495963093355       11.84075018685072322455
         1       -1.14573558334941560943       11.83998766231063193288
         1       -1.14653326875810157581       11.83923433674253367087
         1       -1.14733613844147930294       11.83848331487923744021
         1       -1.14814113043752086263       11.83772735262967223946
         1       -1.14894501674643234601       11.83695925886248723202
         1       -1.14586718846486368406       11.83617493197633407931
         1       -1.14278529946499340930       11.83538132422631861118
         1       -1.13970250726065169822       11.83458984337942432319
         1       -1.13662390837373949992       11.83380048528059269586
         1       -1.13354952215975934848       11.83301324685373856482
         1       -1.13047936850899821692       11.83222812611905361280
         1       -1.12741346784842288997       11.83144512215232246888
         1       -1.12435184111811348195       11.83066423509512610224
         1       -1.12129450977024824887       11.82988546604319957112
         1       -1.11824149571502240441       11.82910881669415559259
         1       -1.11519282116269935479       11.82833428885816751119
         1       -1.11214850840845991264       11.82756188404189323649
         1       -1.10910857965190245977       11.82679160310312660442
         1       -1.10607305684958734382       11.82602344597190757725
         1       -1.10304196159821144008       11.82525741143772002317
         1       -1.10001531504785043936       11.82449349703698793235
         1       -1.09699313785933427745       11.82373946717145507534
         1       -1.09397877209357341499       11.82302363319312554779
         1       -1.09098429578517541749       11.82234024403672201231
         1       -1.08800717719954298524       11.82168178997754992565
         1       -1.08504416098191236451       11.82103931640389227198
         1       -1.08209140936569081504       11.82040298624596807997
         1       -1.07914474659089032471       11.81976305193951404249
         1       -1.07620007275694895554       11.81911075412080336378
         1       -1.07325374122995409465       11.81843915654088661427
         1       -1.07030290415469520049       11.81774375244946284624
         1       -1.06734575753855720492       11.81702287294669240225
         1       -1.06438170022597811126       11.81628371515992803609
         1       -1.06141383460615990053       11.81554660737420725525
         1       -1.05845069992834317496       11.81481154982312808954
         1       -1.05549231880210503398       11.81407854344469399166
         1       -1.05253871416916267023       11.81334758947017249398
         1       -1.04958990913019589719       11.81261868903276557319
         1       -1.04664592678209600329       11.81189184275370962496
         1       -1.04370679004818556201       11.81117699530768661020
         1       -1.04077660498790858234       11.81049455598471631390
         1       -1.03786372891547373776       11.80984661834169813233
         1       -1.03496895826055790302       11.80923330905747548059
         1       -1.03209228044027057081       11.80865322836583430899
         1       -1.02923306200690567458       11.80810381870927905368
         1       -1.02639020516354584345       11.80758180857303862865
         1       -1.02356233268538399095       11.80708357871727187671
         1       -1.02074793904115423970       11.80660547299583562619
         1       -1.01794551718413606167       11.80614385963678714120
         1       -1.01515358323181437150       11.80569515269556646331
         1       -1.01237068482575454098       11.80525580134908025798
         1       -1.00959539649208607237       11.80482242617108212812
         1       -1.00682637385350770565       11.80439193014273513427
         1       -1.00406239705960520503       11.80396165228741800490
         1       -1.00130243063687229821       11.80352948232022214370
         1       -0.99854566707926706304       11.80309406263557114869
         1       -0.99579160452063419928       11.80265486929514651138
         1       -0.99304007553460760249       11.80221220057502762302
         1       -0.99029123906574445524       11.80176707918244183304
         1       -0.98754553844626535852       11.80132119414782998490
         1       -0.98480367555009196145       11.80087664091384702658
         1       -0.98206650608666123947       11.80043563150480245838
         1       -0.97933492450032155752       11.80000016254268224714
         1       -0.97660973384474270009       11.79957164461726826232
         1       -0.97389150221617948322       11.79915047129635397027
         1       -0.94611281343263631260       11.79875330227402052685
         1       -0.91834721436380206683       11.79837826185550753166
         1       -0.89059394062483865362       11.79802236576230356491
         1       -0.86285180055488808204       11.79768153435717437105
         1       -0.83511918257475892258       11.79735085164496055654
         1       -0.80739415773589351399       11.79702482888931136529
         1       -0.77967458341212403372       11.79669760507060161103
         1       -0.75195818191953356369       11.79636315117816280917
         1       -0.72424262012880036288       11.79601564273239588942
         1       -0.69652565350546769007       11.79565000368572214029
         1       -0.66880533532450403555       11.79526257921389742478
         1       -0.64108027422320723598       11.79485157235252756891
         1       -0.61334979930454580632       11.79442562255567850116
         1       -0.58561725322375113301       11.79401888228569639239
         1       -0.55789575951872583115       11.79363134868722262638
         1       -0.53018528844820944634       11.79326302073071452980
         1       -0.50248581110092405133       11.79291389870441086885
         1       -0.47479729919742180710       11.79258398351874070897
         1       -0.44711972482146333796       11.79227327607258146713
         1       -0.41945306017665617837       11.79198177682911996556
         1       -0.39179727742458625439       11.79170948540964580786
         1       -0.36415234853073796817       11.79145640004725414940
         1       -0.33651824505805499888       11.79122251698112755491
         1       -0.30889493793909944541       11.79100783029218213471
         1       -0.28128239741733973567       11.79081233229301339804
         1       -0.25368059319920033268       11.79063601401959004988
         1       -0.22608949464377395278       11.79047886536701561511
         1       -0.19850907081650170927       11.79034087506995120975
         1       -0.17093929048375192115       11.79022203081389363888
         1       -0.14338012215689763251       11.79012231954505907083
         1       -0.11583153421114468495       11.79004172798647331888
         1       -0.08829349508142023129       11.78998024335247407635
         1       -0.06076597353194272688       11.78993785396811944111
         1       -0.03324893888830776634       11.78991454958925366725
         1       -0.00574236115563455177       11.78991032152332074645
         1        0.02175378893891966731       11.78992516282981206643
         1        0.04923953987395483789       11.78995906859548448153
         1        0.07671491923400912405       11.79001203601241698493
         1        0.10417995368418117574       11.79008406379789164475
         1        0.13163466919130045740       11.79017515140866301238
         1        0.15907909132073438929       11.79028529844588213393
         1        0.18651324546011710526       11.79041450403578394912
         1        0.21393715705090854406       11.79056276592250540602
         1        0.24135085192587621417       11.79073008004500344725
         1        0.26875435646434781001       11.79091644046656917055
         1        0.29614769761525733260       11.79112183927069956724
         1        0.32353090293260383659       11.79134626661448059792
         1        0.35090400055227338738       11.79158971130269861760
         1        0.37826701897562320376       11.79185216151090465075
         1        0.40561998679922761646       11.79213360554851064421
         1        0.43296293243125105743       11.79243403228016617845
         1        0.46029588393597337115       11.79275343129575404078
         1        0.48761886897210704461       11.79309179353746728225
         1        0.51493191456265374750       11.79344911207444290824
         1        0.54223504681158685159       11.79382538172475136662
         1        0.56952829104707092256       11.79422059826150714912
         1        0.59681167211705588027       11.79463475825006568698
         1        0.62408521445096765135       11.79506785899338083823
         1        0.65134894208124438642       11.79551989807680278943
         1        0.67860287881189895742       11.79599087301053295107
         1        0.70079122739528976194       11.79647726950361885656
         1        0.72296427522724482362       11.79697907868822426281
         1        0.74512197259695245322       11.79749628982671794120
         1        0.76726427022317611470       11.79802889076120742118
         1        0.78939111909376569187       11.79857686803265792719
         1        0.81150247042611356463       11.79914020708107003088
         1        0.83359827559715582446       11.79971889257645401017
         1        0.85567848602394158686       11.80031290863555426540
         1        0.87774305308562716732       11.80092223931427675154
         1        0.89979192794169271519       11.80154686945175690482
         1        0.92182506121675000799       11.80218678505577045712
         1        0.94384240285396936443       11.80284197317610228595
         1        0.96584390215921889222       11.80351242174201331636
         1        0.98782950785914247493       11.80419811971988330868
         1        1.00979916803924241187       11.80489905734437350304
         1        1.03175283005347484533       11.80561522603342794469
         1        1.05369044055246274816       11.80634661760935344432
         1        1.07561194577477992063       11.80709322366515046099
         1        1.09751729178613177673       11.80785503571492078834
         1        1.11940642442314453042       11.80863204568394841942
         1        1.14127928910714526722       11.80942424567050075268
         1        1.16313583093384420586       11.81023162735289844250
         1        1.18497599489937854855       11.81105418181723898385
         1        1.20679972596782758565       11.81189189986366905316
         1        1.22860696895593979328       11.81274477218875240681
         1        1.25039766846424948987       11.81361278909255574376
         1        1.27217176899031403359       11.81449594014778448070
         1        1.29392921505779168179       11.81539421424809432892
         1        1.31566995120054186508       11.81630759977526601290
         1        1.33739392190050709885       11.81723608478789699916
         1        1.35910107151659942382       11.81817965716899010431
         1        1.38079134422880311917       11.81913830439061818822
         1        1.40246468413058211766       11.82011201350096385454
         1        1.42412103523566613283       11.82110077173116735594
         1        1.44576034124290231375       11.82210456663303865810
         1        1.46738254548200952598       11.82312338574481103137
         1        1.48898759104367939266       11.82415721669649855130
         1        1.51057542073853934284       11.82520604729013591339
         1        1.53214597706553079526       11.82626986538856250775
         1        1.55369920225534130509       11.82734865900244436432
         1        1.57523503823611732422       11.82844241615315361571
         1        1.59675342668737307861       11.82955112474921577359
         1        1.61825430908920586681       11.83067477295998060072
         1        1.63973762657456401115       11.83181334952360153068
         1        1.66120331980603164190       11.83296684376668395089
         1        1.68265132896610070112       11.83413524555413687267
         1        1.70408159377519874411       11.83531854518562198564
         1        1.72549405353127083274       11.83651673333309695124
         1        1.74688864713333447121       11.83772980089020521177
         1        1.76826531314073043255       11.83895773862603029158
         1        1.78962398991171633966       11.84020484985716414883
         1        1.81096287711228254302       11.84148688810914862302
         1        1.83227553620792060762       11.84280409692329882887
         1        1.85356175562656533273       11.84415578480757602620
         1        1.87482170145619231327       11.84554024725657583872
         1        1.89605595278411587223       11.84695477672076080466
         1        1.91726550165677589455       11.84839576547273942708
         1        1.93845171515974024068       11.84985891721608020077
         1        1.95961625262444338880       11.85133952824523007052
         1        1.98076095339037094867       11.85283277746147767573
         1        2.00432326818237571686       11.85433571441593869622
         1        2.02788276616446117018       11.85584419046575987977
         1        2.05144114531577059779       11.85735484979842979669
         1        2.07499977998553486458       11.85886541731174048664
         1        2.09855960264853980135       11.86037488370643089297
         1        2.12212102766087218342       11.86188354667285338451
         1        2.14568393392339462622       11.86339291543273510854
         1        2.16924770354880624978       11.86490547223524671949
         1        2.19281131922541749901       11.86642824699747400530
         1        2.21637189782292942652       11.86796736964221565813
         1        2.23992692335708643014       11.86952284316765826588
         1        2.26347639174548342922       11.87109467032585641277
         1        2.28702029899431824589       11.87268285300327619325
         1        2.31055864145267264576       11.87428739163363999864
         1        2.33409141605380110462       11.87590828478449900274
         1        2.35761862048544257320       11.87755084741238853496
         1        2.38113806933638416652       11.87921457332392449757
         1        2.40464996640371797554       11.88089788853852191153
         1        2.42815495424230887167       11.88259877138257003537
         1        2.45165385979401273531       11.88431504048766385040
         1        2.47514757621126202380       11.88604460055709388655
         1        2.49863696190999196034       11.88778559561609782236
         1        2.52212277754348823677       11.88953706551079925191
         1        2.54560541599310363736       11.89130482330540772296
         1        2.56908248506847369796       11.89308886292685407682
         1        2.59255398426617311713       11.89488917995199557254
         1        2.61601991239423048441       11.89670577170369547559
         1        2.63948026753199149752       11.89853863707710779352
         1        2.66293504710092587828       11.90038777624774368746
         1        2.68638424798419395145       11.90225319030434114609
         1        2.70982786667729280694       11.90413488078313797303
         1        2.73326589947946585468       11.90603284920763549337
         1        2.75669834268303937108       11.90794709677546059368
         1        2.78012519270242242087       11.90987762414716577553
         1        2.80354644616122428147       11.91182443116943900918
         1        2.82696210000650038907       11.91378751651179968007
         1        2.85037215165880741807       11.91576687742479201404
         1        2.87377659911230765033       11.91776250982544205215
         1        2.89717544090012957270       11.91977440863924009307
         1        2.92056867595377767088       11.92180256816810413056
         1        2.94395630345184322607       11.92384776368565013627
         1        2.96733800037713413289       11.92591180291007546543
         1        2.99071301744317263882       11.92799416298833570238
         1        3.01408156661059090098       11.93009440509866436742
         1        3.03744382530477530224       11.93221224379620970524
         1        3.06079990775318000473       11.93434755793843571325
         1        3.08414986041323668786       11.93650039070248070061
         1        3.10749366189967179963       11.93867091422239568033
         1        3.13083123752690983821       11.94085935985273394522
         1        3.15416248807086718742       11.94306593007020822483
         1        3.17748732615263529411       11.94529071709218115416
         1        3.20080570988864154813       11.94753365210909912264
         1        3.22411766392413401405       11.94979448751243467086
         1        3.24742328684790404481       11.95207279921713983128
         1        3.27072275030552672703       11.95436800378590724847
         1        3.29401629198875278703       11.95667939487940323318
         1        3.31730420062081554633       11.95900620111956236258
         1        3.34058679206233888337       11.96134765822460721552
         1        3.36386437948135252896       11.96370308326171283397
         1        3.38713724261057480547       11.96607194090955417209
         1        3.40274717608609922337       11.96844857620469149140
         1        3.41834383560115062650       11.97083286561686144012
         1        3.43392750165847804311       11.97322489009933121906
         1        3.44949836891920780246       11.97562490090389353270
         1        3.46505655872688045349       11.97803327220123215113
         1        3.48060213759444669890       11.98045044547728466000
         1        3.49613513972280109954       11.98287686773159421705
         1        3.51165559281065897679       11.98531292763677136293
         1        3.52716354546712640428       11.98775890171764224590
         1        3.54265909105064480400       11.99021492706105540549
         1        3.55814238062472165680       11.99268100553774019090
         1        3.57361362249021086157       11.99515702462446320453
         1        3.58907307440329370607       11.99764277410094059917
         1        3.60452103738868601113       12.00013796591044012985
         1        3.61995784796750630363       12.00264228074472505625
         1        3.63538385824418641690       12.00515542598492757520
         1        3.65079941033210930712       12.00767717280395530111
         1        3.66620481942117670826       12.01020738666334963796
         1        3.68160035934592766438       12.01274608283476830195
         1        3.69698623636954737393       12.01529347438976813578
         1        3.71236256565437727772       12.01784995824452018098
         1        3.72772937548011373821       12.02041607187600469331
         1        3.74308662512036960379       12.02299248914477836081
         1        3.75843420513963444307       12.02558005024630816138
         1        3.77377192182546172816       12.02817977586773245946
         1        3.78909948856719980270       12.03079283125440568369
         1        3.80441654054468303414       12.03342042977898707079
         1        3.81972267844566060191       12.03606372017946135600
         1        3.83501752124170058877       12.03872372717857253122
         1        3.85030073506890690993       12.04139752870799462414
         1        3.86557386702288408031       12.04408190866948125120
         1        3.88083863206768597820       12.04677686151077331544
         1        3.89609522036698496805       12.04948238241064295551
         1        3.91134382091304066975       12.05219846726192223230
         1        3.92658462152658316313       12.05492511270181843486
         1        3.94181780883341881250       12.05766231603190874466
         1        3.95704356829506265214       12.06041007498036066181
         1        3.97226208431852789715       12.06316838738430341493
         1        3.98747354040937507236       12.06593725089308577481
         1        4.00267811931895334254       12.06871666282047783625
         1        4.01787600312105741551       12.07150662019046549744
         1        4.03306737319284369647       12.07430711984425641958
         1        4.04825241016394254956       12.07711815846397840346
         1        4.06343129390668877932       12.07993973246350627448
         1        4.07860420359422182202       12.08277183784590036453
         1        4.09377131777765423948       12.08561447024559498686
         1        4.10893281436956225861       12.08846762517875461640
         1        4.12408887051832540038       12.09133129831456621162
         1        4.13923966246749497344       12.09420548566253295064
         1        4.15438536545525938237       12.09709018367704125296
         1        4.16952615365459422492       12.09998538930543787728
         1        4.18466220014176215614       12.10289110000340606632
         1        4.19979367688140481363       12.10580731371054774570
         1        4.21492075473269167674       12.10873402880777582880
         1        4.23004360346553642813       12.11167124410648909816
         1        4.24516239176016618728       12.11461895883325823320
         1        4.26027728720918563710       12.11757717252019794785
         1        4.27538845637160314084       12.12054588478797967355
         1        4.29049606488780810309       12.12352509511310749701
         1        4.30560027760693664334       12.12651480268317705224
         1        4.33424413017483800559       12.12952441112186363625
         1        4.36261826535863317389       12.13255373375757706356
         1        4.39072657862006643370       12.13560258611356346137
         1        4.41857295606325539694       12.13867078580380365338
         1        4.44616127465402932728       12.14175815241651079646
         1        4.47349540244126320232       12.14486450745865830925
         1        4.50057919874110634595       12.14798967441623567254
         1        4.52741651425753044435       12.15113347892276784989
         1        4.55401119114595953619       12.15429574902694653815
         1        4.58036706302740537211       12.15747631558600794222
         1        4.60648795494172436094       12.16067501269812822784
         1        4.63237768328672139262       12.16389167793010983587
         1        4.65804005586663283367       12.16712615226603055874
         1        4.68347887208186541841       12.17037828008902877741
         1        4.70869792309763646188       12.17364790941754293385
         1        4.73370099188271975521       12.17693489203493939499
         1        4.75849185330162516294       12.18023908314822278953
         1        4.78307427443575505777       12.18356034090844630668
         1        4.80745201496177543277       12.18689852622131297721
         1        4.83162882737787757748       12.19025350262750606589
         1        4.85560845719012235122       12.19362513593441477155
         1        4.87939464321287097448       12.19701329383563326303
         1        4.90299111786606012231       12.20041784580264021542
         1        4.92640160733574372642       12.20383866313651388680
         1        4.94962983165574232913       12.20727561904691427230
         1        4.97267950477556563982       12.21072858870061139669
         1        4.99555433464174214464       12.21419744914669180957
         1        5.01825802333484638496       12.21768207931901351060
         1        5.04079426716801659580       12.22118236038435767910
         1        5.06316675662524939838       12.22469817615918508125
         1        5.08537917627120084063       12.22822941330313462061
         1        5.10743520476500822980       12.23177596151361079535
         1        5.12933851487342806763       12.23533771372732203986
         1        5.15109277348009442221       12.23891456607950800617
         1        5.17270164170244406421       12.24250641790285420996
         1        5.19416877498713880357       12.24611317198632143288
         1        5.21549782308681120213       12.24973473461552053720
         1        5.23669243013276464183       12.25337101524436000943
         1        5.25775623486689713815       12.25702192629932341106
         1        5.27869287080868154760       12.26068738310901373723
         1        5.29950596636241400006       12.26436730349199955015
         1        5.32019914506965285739       12.26806160719164218165
         1        5.34077602592187794528       12.27177021573799109433
         1        5.36124022348107853730       12.27549305267928403396
         1        5.38159534783764126331       12.27923004364434689251
         1        5.40184500464086969629       12.28298111612252263569
         1        5.42199279524919930395       12.28674619929291189635
         1        5.44204231685577433097       12.29052522402978553373
         1        5.46199716253573441804       12.29431812305170268473
         1        5.48186092123040680235       12.29812483127676792094
         1        5.50163717764255810749       12.30194528617225557809
         1        5.52132951213369782550       12.30577942779850530997
         1        5.54094150075041813608       12.30962719881755340623
         1        5.56047671526309272849       12.31348854471916176578
         1        5.57993872310993399566       12.31736341396374179169
         1        5.59933108737398121946       12.32125175800771721413
         1        5.61865736680731941988       12.32515353143804759384
         1        5.63792111580596699838       12.32906869200585475710
         1        5.65712588442467811944       12.33299720043809521997
         1        5.67627521848192984066       12.33693902023657607003
         1        5.69544777061456208855       12.34089416960044438554
         1        5.71460266048100518077       12.34486263813042050685
         1        5.73373990501149588539       12.34881434674535505280
         1        5.75287218163329772125       12.35274348897478802201
         1        5.77200192348984231216       12.35664815233622526591
         1        5.79112992025150941089       12.36052755505689582094
         1        5.81025648442019981843       12.36438240004637734160
         1        5.82938130406505017334       12.36821502774198755503
         1        5.84850338052435070324       12.37202896933298568172
         1        5.86762121790597479531       12.37582815014782866569
         1        5.88673315859694845642       12.37961653298762776387
         1        5.90583753321276549997       12.38339835727364324214
         1        5.92493256048389937973       12.38717819387385965513
         1        5.94401632464569562586       12.39096032948819292585
         1        5.96308703334856815559       12.39474817248881244325
         1        5.98214326567279730540       12.39854439945583663985
         1        6.00118390979586990852       12.40235126129821274787
         1        6.02020803424829953343       12.40617025276723417448
         1        6.03921502528457310177       12.41000166657826397909
         1        6.05820477188963479875       12.41384494008548777799
         1        6.07717751979062192902       12.41769952159257783819
         1        6.09613350953260990650       12.42156529901552808326
         1        6.11507279803781500505       12.42544236635991516948
         1        6.13399535630884251702       12.42933074011116545421
         1        6.15290118761227411426       12.43323059020111642781
         1        6.17179023139930826858       12.43714282515512437044
         1        6.19066212046371422417       12.44106941476562688820
         1        6.20951604790399613876       12.44501330789708148927
         1        6.22835080250778450051       12.44897831547348054926
         1        6.24716481844291315895       12.45296909809690077964
         1        6.26595618141426502490       12.45699099756847871845
         1        6.28472269943531536285       12.46104962129474458266
         1        6.30346207562010185654       12.46515041827417391573
         1        6.32217208384895368312       12.46929840062814420776
         1        6.34085068365191784068       12.47349798429035061531
         1        6.35949608546197087122       12.47775285143463008808
         1        6.37810680666875118305       12.48206574097993382111
         1        6.39668175716600817537       12.48643813364453336590
         1        6.41522036810746598690       12.49086988605163561772
         1        6.43372274123725063077       12.49533774784168826955
         1        6.45219849765329733771       12.49981843835149497579
         1        6.47065724907583295078       12.50431194600818507467
         1        6.48909900973686593062       12.50881825928419743832
         1        6.50752379376860723426       12.51333736668188478802
         1        6.52593161520974618384       12.51786925671829386886
         1        6.54432248801156557505       12.52241391790841440468
         1        6.56269642604470870850       12.52697133875155977023
         1        6.58105344310467010871       12.53154150772609476405
         1        6.59939355291373352941       12.53612441328821525133
         1        6.61771676912134765303       12.54072004386590855063
         1        6.63602310530644867725       12.54532838784783521646
         1        6.65431257498177597398       12.54994943357647585458
         1        6.67258519159655794084       12.55458316935110119061
         1        6.69084096853503051960       12.55922958343637496625
         1        6.70907991911276813113       12.56388866407080229237
         1        6.72730205657303148570       12.56856039947398429035
         1        6.74550739408361010874       12.57324477785669003538
         1        6.76369594473255375533       12.57794178743380797414
         1        6.78186772152271277747       12.58265141643730622434
         1        6.80002273736630602485       12.58737365312940958972
         1        6.80404872258418613740       12.59209868562069978282
         1        6.80808923401977850176       12.59682652398519486781
         1        6.81214575494975527192       12.60155717938456021443
         1        6.81621976358278214292       12.60629066406663767452
         1        6.82031273302600649089       12.61102699135600246905
         1        6.82442613125430330712       12.61576617563345692474
         1        6.82856142108304098315       12.62049440163493940759
         1        6.83272563828744416980       12.62519907484644043905
         1        6.83692530039365475858       12.62987435599237251438
         1        6.84116418545883586688       12.63451474225405668506
         1        6.84544592911892113563       12.63911497881034584623
         1        6.84977406256305432208       12.64367087018105983987
         1        6.85415168874916957975       12.64818022741476077897
         1        6.85858110503870754826       12.65264337279176842799
         1        6.86306360393937708864       12.65706257551376623383
         1        6.86759970213009474094       12.66144162312254017877
         1        6.87218931338157901223       12.66578558349391414595
         1        6.87683184386212609240       12.67010107668715690465
         1        6.88152608221146433465       12.67439599979925901607
         1        6.88627030825833497119       12.67867939060448811972
         1        6.89106234533150718846       12.68296064844069270805
         1        6.89589986963422507671       12.68724912581268782219
         1        6.90078057075025519396       12.69155370244073566255
         1        6.90570231927586775100       12.69588285430804397436
         1        6.91066313622549177609       12.70024406535077510227
         1        6.91566142648198489695       12.70464381006307874600
         1        6.92069598390586904202       12.70908753848878802728
         1        6.92576599601771913939       12.71357991413703736328
         1        6.93087094749841181596       12.71812473693472611558
         1        6.93601065053669429972       12.72272527378218676120
         1        6.94118511153243478162       12.72738418349091737980
         1        6.94639456104458563601       12.73210361658413880548
         1        6.95163941361580217659       12.73688528735503133760
         1        6.95692023884901100672       12.74171648714570359573
         1        6.96224342169299870164       12.74655139638436551763
         1        6.96762877269063807262       12.75139005810766512639
         1        6.97307758124403864741       12.75623251617785491874
         1        6.97859113026554744863       12.76107881531312315815
         1        6.98417069610973229032       12.76592900109790384988
         1        6.98981754851293679565       12.77078311994450565692
         1        6.99553295055198809393       12.77564121903566629612
         1        7.00131815861034834114       12.78050334629321405089
         1        7.00717442233314447009       12.78536955037016120684
         1        7.01310298457228409319       12.79023988064078487525
         1        7.01910508133182364787       12.79511438719747040693
         1        7.02518194171009291438       12.79999312084407137036
         1        7.03133478784269705386       12.80487613311550987305
         1        7.03756483483423966874       12.80976347632165790458
         1        7.04387329067919321091       12.81465520362877619220
         1        7.05026135616648907956       12.81955136913874859772
         1        7.05673022478373912492       12.82445202797550365403
         1        7.06328108261755449604       12.82935723633547020484
         1        7.06991510826750690910       12.83426705151682867267
         1        7.07663347276812526587       12.83918153189982724882
         1        7.08343733953051390984       12.84410073691586262612
         1        7.09032786428819594704       12.84902472699375586274
         1        7.09730619505200799324       12.85395356352250750831
         1        7.10437347205788505278       12.85888730880187758032
         1        7.11153082771922040450       12.86382602600491864564
         1        7.11877938657403941392       12.86876977912794117742
         1        7.11063640600745383580       12.87370788028218093757
         1        7.10249131321774918035       12.87864032866443508851
         1        7.09434438700186031923       12.88356712361811240442
         1        7.08619590577023394928       12.88848826457814134017
         1        7.07804614756758176952       12.89340375103452274175
         1        7.06989539008550682553       12.89831358248793158339
         1        7.06174391067798712385       12.90321775844219054363
         1        7.05359198636114648195       12.90811627838133723856
         1        7.04543989381927993065       12.91300914177213421397
         1        7.03728790940022275180       12.91789634805820696783
         1        7.02913630911412745661       12.92277789671094367918
         1        7.02098536860891453415       12.92765378729329661667
         1        7.01283536314087108110       12.93252401957104957830
         1        7.00468656752635077112       12.93738859353455694645
         1        6.99653925613091498548       12.94224750936646550770
         1        6.98839370288028227662       12.94710076747637650385
         1        6.98025018124408891396       12.95194836872154908747
         1        6.97210896414505665319       12.95679031436687012047
         1        6.96397032397433246587       12.96162660582382919472
         1        6.95583453269477303138       12.96645724472580418762
         1        6.94770186180815141341       12.97128223322820517183
         1        6.93957258223368622652       12.97610157382119133729
         1        6.93144696438164764629       12.98091526926044636525
         1        6.92332527817895293509       12.98572332283864305680
         1        6.91520779296011500747       12.99052573820521416792
         1        6.90709477753731260208       12.99532251904705226764
         1        6.89898650032322091619       13.00011366938175960684
         1        6.89088322921293272572       13.00489919361950441612
         1        6.88278523155786103871       13.00967909623419060949
         1        6.87469277429116587541       13.01445338159345865847
         1        6.86660612398934233624       13.01922205392848930217
         1        6.85852554687894055974       13.02398511738586428521
         1        6.85045130881159192171       13.02874257705916072325
         1        6.84238367486529064365       13.03349443540051133539
         1        6.83432291071185993303       13.03824069632354465398
         1        6.82626928103987218321       13.04298136878017011497
         1        6.81822304820557612004       13.04771645231832621903
         1        6.81018447770574475442       13.05244595163657095327
         1        6.80215383264534434460       13.05716987770581738459
         1        6.79413137334178784954       13.06188822774132951565
         1        6.78611736484392302771       13.06660101046881550246
         1        6.77811206743198368940       13.07130823496306604170
         1        6.77011574082540512620       13.07600990008155328326
         1        6.76212864809635583185       13.08070601763016327368
         1        6.75415104704852442552       13.08539659388332410117
         1        6.74618319709206204493       13.09008163273799496551
         1        6.73822535805039724011       13.09476114492308518322
         1        6.73027778676831900384       13.09943513598588360480
         1        6.72234074153279159702       13.10410361318075089798
         1        6.71441447953106784752       13.10876658517407733484
         1        6.70649925696180293500       13.11342405942277089537
         1        6.69859532998743123500       13.11807604381639791313
         1        6.69070295412955395875       13.12272254598720699903
         1        6.68282238451505872234       13.12736357373721141073
         1        6.67495387571623854939       13.13199913449200018078
         1        6.66709768194266860775       13.13662923632921852857
         1        6.65925405666651482051       13.14125388663609150797
         1        6.65142325309966775393       13.14587309268927306505
         1        6.64360552397922976553       13.15048686284728063356
         1        6.63580112113870690393       13.15509520487646000220
         1        6.62645170886983514436       13.15969704456837519047
         1        6.61712438341886954873       13.16429239632573988672
         1        6.60781925297067029845       13.16888127449763956633
         1        6.59853642597254275159       13.17346369390521587661
         1        6.58927601094649340041       13.17803966971145079867
         1        6.58003811653463799303       13.18260921731125634437
         1        6.57082285153777601039       13.18717235235364704238
         1        6.56163032490683395537       13.19172909088308820458
         1        6.55246064569137409705       13.19627944916144102194
         1        6.54331392310270487656       13.20082344348735681194
         1        6.53419026657831736316       13.20536109038390293335
         1        6.52508978571404973934       13.20989240643932660646
         1        6.51601259032099200397       13.21434741201369611474
         1        6.50698411300666101909       13.21870676918549847301
         1        6.49801158012911983519       13.22297222160280760761
         1        6.48909461006998977695       13.22714460369753375346
         1        6.48023314931060223643       13.23122337992777985960
         1        6.47142764229315936575       13.23520694266755981516
         1        6.46267892633971818839       13.23909306909771288474
         1        6.45398806769996813415       13.24288039139325690030
         1        6.44535582609876644966       13.24656942057949216007
         1        6.43678227808550840194       13.25016188081251833353
         1        6.42826705612515958421       13.25366056562684669018
         1        6.41980939822637797221       13.25707008651565921298
         1        6.41140787021630220721       13.26039649269987563684
         1        6.40306050089761047417       13.26364653023858153347
         1        6.39476505118203153444       13.26682792933580934402
         1        6.38651890622071682913       13.26994955432475187251
         1        6.37831901734378448054       13.27302115183889519301
         1        6.37016199212987466183       13.27605319998042254781
         1        6.36204414781338023488       13.27905651524477370629
         1        6.35396165498846610120       13.28204209517314460243
         1        6.34591059495405485080       13.28502121049441697664
         1        6.33788692472451842264       13.28800453575773943271
         1        6.32988679991703051542       13.29100109354797254468
         1        6.32190696994343959147       13.29401835762987715839
         1        6.31394474363490054714       13.29706236084229509231
         1        6.30599795281179709150       13.30013740148064371738
         1        6.29806506599724702511       13.30324653890134101175
         1        6.29014500701061241017       13.30639216930987167586
         1        6.28223694187329684269       13.30957585416562594105
         1        6.27434034512104332748       13.31279845069939504754
         1        6.26645495285486564541       13.31606043718539567067
         1        6.25858064188596152633       13.31936173721852156859
         1        6.25071749719060054673       13.32270202815922033324
         1        6.24286569669174262742       13.32608174497555353355
         1        6.23502513138417491234       13.32950252635721000161
         1        6.22719523381181172539       13.33296695798298969748
         1        6.21937507224468255629       13.33647796825751363770
         1        6.21156357803471603773       13.34003820870036882695
         1        6.20375978087199975164       13.34365067742070287693
         1        6.19596257134201167105       13.34731975994422548126
         1        6.18817030165041703782       13.35105006339755284728
         1        6.18038122814966062180       13.35484487131836139895
         1        6.17259410349856540989       13.35870756865658037782
         1        6.16480763275928911327       13.36264260481648058487
         1        6.15702010228607843345       13.36665285164944272367
         1        6.14923039498903012401       13.37073818958642057453
         1        6.14143854086933504988       13.37489722483691600985
         1        6.13364506187873104182       13.37912722001829912699
         1        6.11647337019831294214       13.38337480604450924204
         1        6.09931915536805391298       13.38761052602322720873
         1        6.08219383710733740855       13.39183439747488613136
         1        6.06509743681595114850       13.39604643703458286552
         1        6.04802997668567154932       13.40024666113992424243
         1        6.03099147943358282475       13.40443508636820801883
         1        6.01398196816920904695       13.40861172896827113732
         1        5.99700146657793364824       13.41277660523851267271
         1        5.98004999877186893542       13.41692973203798722182
         1        5.96312758908528017798       13.42107112629854803743
         1        5.94623426226502882486       13.42520080432682760829
         1        5.92937004374845066934       13.42931878159465775013
         1        5.91253495975009535357       13.43342507306633137887
         1        5.89572903713398410730       13.43751969390362432932
         1        5.87895230313101979647       13.44160266007478732320
         1        5.86220478509029163661       13.44567398859833673441
         1        5.84548651037433852906       13.44973369738242752192
         1        5.82879750641717020443       13.45378180452529370825
         1        5.81213780100367571890       13.45781832759234220021
         1        5.79550742256352169335       13.46184328406859620486
         1        5.77890639998737576377       13.46585669268207929861
         1        5.76233476208062089796       13.46985857333544167602
         1        5.74579253758273633679       13.47384894576464908766
         1        5.72927975571510561537       13.47782783002654305449
         1        5.71279644597787505944       13.48179524749583002574
         1        5.69634263773050086854       13.48575121902851670086
         1        5.67991836095086188863       13.48969576429476191493
         1        5.66352364651734774270       13.49362890454277952301
         1        5.64715852505087934077       13.49755066300627248665
         1        5.63082302673108703317       13.50146106329562201154
         1        5.61451718196375537673       13.50536012996839119182
         1        5.59824102113414934223       13.50924788808667287299
         1        5.58199457478788474418       13.51312436161984820160
         1        5.56577787430930204238       13.51698957444178539333
         1        5.54959095149905667910       13.52084355096794432427
         1        5.53343383829875090640       13.52468631520443409499
         1        5.51730656719640144559       13.52851789123020864736
         1        5.50120917101859596698       13.53233830343445376343
         1        5.48514168282505298890       13.53614757542837665483
         1        5.46910413637949588406       13.53994572981312849436
         1        5.45309656625485050796       13.54373278823754311873
         1        5.43711900781342549749       13.54750877130576292018
         1        5.42117149725274760641       13.55127369946123749855
         1        5.40525407122099377233       13.55502759362227216400
         1        5.38936676653503798917       13.55877047463828155571
         1        5.37350962041743418496       13.56250236301554501495
         1        5.35768267061779912552       13.56622327924556259404
         1        5.34188595526695664262       13.56993324399841327477
         1        5.32611951278876727400       13.57363227846698450207
         1        5.31038338174239665790       13.57732040477812773815
         1        5.29467760063112447000       13.58099764593662861500
         1        5.27900220791936813924       13.58466402575678877440
         1        5.26335724205569643885       13.58831956895013703956
         1        5.24774274142503660556       13.59196430087787632601
         1        5.23215874445364192979       13.59559824714461839790
         1        5.21660528978900828179       13.59922143342712530512
         1        5.20108241637518808886       13.60283388543382265823
         1        5.18559016346911683115       13.60643562881783630303
         1        5.17012857067888109697       13.61002668902965417885
         1        5.15469767803090928027       13.61360709116543432629
         1        5.12554684951703443119       13.61716731077227926505
         1        5.09639908706095390301       13.62070735251297470825
         1        5.06725439986085213206       13.62422721982549056463
         1        5.03811279768789255229       13.62772691449017870013
         1        5.00897429108997460645       13.63120643645438967440
         1        4.97983889147574565470       13.63466578393649086820
         1        4.95070661106831089171       13.63810495372525011248
         1        4.92157746276745111658       13.64152394126417178200
         1        4.89245146011191067714       13.64492274055958631607
         1        4.86332861732419452494       13.64830134462359190195
         1        4.83420894910480747342       13.65165974614962074440
         1        4.80509247031681763218       13.65499793759910929225
         1        4.77597919594558550926       13.65831591138330836088
         1        4.74686914101368451213       13.66161366058421045011
         1        4.71776232024235220308       13.66489117931188701505
         1        4.68865874788277814389       13.66814846287216766996
         1        4.65955843763578592132       13.67138550814481767759
         1        4.63046140247245308075       13.67460231336055720419
         1        4.60136765473693465367       13.67779887758529078212
         1        4.57227720638750945170       13.68097520086134721851
         1        4.54319006892896570804       13.68413128460093197702
         1        4.51410625322576031238       13.68726713183460930168
         1        4.48502576938309704957       13.69038274708172586713
         1        4.45594862680586167869       13.69347813543465086639
         1        4.42687483462910424947       13.69655330184641073288
         1        4.39780440205374922868       13.69960825148956473640
         1        4.36873733817715059757       13.70264299006183250640
         1        4.33967365184821041169       13.70565752343765275612
         1        4.31061335183152483097       13.70865185734929347916
         1        4.28155644695813908385       13.71162599717874819305
         1        4.25250294622423119506       13.71457994803364321967
         1        4.22345285875560350064       13.71751371532585395130
         1        4.19440619353355703680       13.72042730466122861799
         1        4.16536295944679846315       13.72332072093954202785
         1        4.13632316571845759512       13.72619396846110895183
         1        4.10728682185632365531       13.72904705141773007426
         1        4.07825393742020292365       13.73187997352096445525
         1        4.04922452219886341851       13.73469273867835660496
         1        4.02019858588880030226       13.73748535170298978869
         1        3.99117613775624358041       13.74025781617016583880
         1        3.96215718765678515112       13.74301013421769468437
         1        3.93314174613203304531       13.74574230999272117515
         1        3.90412982276805786697       13.74845434868908178316
         1        3.87512142665197023561       13.75114625385320010764
         1        3.84611656765648479706       13.75381802917833518052
         1        3.81711525558509512379       13.75646967633428019440
         1        3.78811750120886392423       13.75910119315106427962
         1        3.75912331713732017491       13.76171258389238438724
         1        3.73013271290922121537       13.76430386045370646286
         1        3.70114569441090512925       13.76687502447392574823
         1        3.67216227243214277109       13.76942606709856065095
         1        3.64318246279270407939       13.77195698988989214229
         1        3.61420627633235724829       13.77446780319836960871
         1        3.58523371967865189802       13.77695850824394874223
         1        3.55626480383410825681       13.77942910105421425726
         1        3.52729954229711983871       13.78187958312712702025
         1        3.49833794594640323794       13.78430995717716278648
         1        3.46938002507852161216       13.78672022448033906983
         1        3.44042579068301579426       13.78911038686726087121
         1        3.41147525348526148292       13.79148044467054390338
         1        3.37942854741798504037       13.79382824490258840910
         1        3.34733968381238211620       13.79615375728866411009
         1        3.31520812454692670457       13.79845695074587474949
         1        3.28303333264328545127       13.80073779234697362028
         1        3.25081477279350439247       13.80299624882647613333
         1        3.21855191064735191020       13.80523228595314400025
         1        3.18624421313722638871       13.80744586857242239830
         1        3.15389114847790708041       13.80963696060878476146
         1        3.12149218618585955198       13.81180552374228476253
         1        3.08904679776153301418       13.81395152060383146875
         1        3.05655445511903600675       13.81607491586624192337
         1        3.02401463003903403504       13.81817567120953427207
         1        2.99142679670723765639       13.82025374717256305246
         1        2.95879043081522530301       13.82230910735192885852
         1        2.92610500744282342467       13.82434171586654869657
         1        2.89337000233724772613       13.82635153632392999157
         1        2.86058489245038449766       13.82833853136244428583
         1        2.82774915619158440094       13.83030266227772919763
         1        2.79486227364227435288       13.83224389355357608622
         1        2.76192372422567622436       13.83416219258705304185
         1        2.72893298682922935683       13.83605752387317089358
         1        2.69588954283298631864       13.83792984981773521724
         1        2.66279287572283474006       13.83977913422772054730
         1        2.62964246928002021164       13.84160534029788358623
         1        2.59643780864533635366       13.84340843039562152228
         1        2.56317838045116985768       13.84511102144337790776
         1        2.52990500500082937663       13.84667557706327301048
         1        2.49663777957461574530       13.84809638113202900911
         1        2.46337998590837914392       13.84936732174837992204
         1        2.43013517547212609671       13.85049650202773641183
         1        2.39689924218831507119       13.85149184567478108931
         1        2.36366811590013847777       13.85234675407181370588
         1        2.33044561176480469200       13.85305329481185587781
         1        2.29723634145899202608       13.85361669252372252004
         1        2.26403773637751770664       13.85404799234679984465
         1        2.23084396723321276568       13.85434980457345766069
         1        2.19765380412380517683       13.85451448251490269570
         1        2.16447172490716122084       13.85453505032784882189
         1        2.13130190540659869569       13.85441491628875354536
         1        2.09814274925186383669       13.85416447065727574284
         1        2.06498869452395927837       13.85379155261320960335
         1        2.03183554016140988097       13.85330083115390742421
         1        1.99868082592429741062       13.85270084914567156886
         1        1.96551984249177502662       13.85200582206221042725
         1        1.93234455575871999500       13.85122928292789445948
         1        1.89914720183405250076       13.85037998624294530714
         1        1.86592266164394482431       13.84946742592458335253
         1        1.83266531140021582402       13.84850892281792766880
         1        1.79936488352885359809       13.84752704196363559674
         1        1.76600788695652988203       13.84654125830518367479
         1        1.73258243974895020934       13.84556466775633865041
         1        1.69908024179608063697       13.84460709311414916556
         1        1.66549480847401842887       13.84367931395858342114
         1        1.63181899382504136398       13.84279445105949868378
         1        1.59804415235905006298       13.84196543464435436022
         1        1.56416162672705905123       13.84120055424462591986
         1        1.53016542454712234367       13.84050234494327291657
         1        1.49605294453992909709       13.83987319258509529618
         1        1.46182164704548744893       13.83932043036671899472
         1        1.42746595422967481603       13.83885163479719437873
         1        1.41094955109573771956       13.83847999928399374880
         1        1.39436437006229518865       13.83820191449318848242
         1        1.37771249437462883769       13.83801579159277217457
         1        1.36099477957257786187       13.83792247424807264622
         1        1.34421059815440191443       13.83792192885581329165
         1        1.32735985651222265780       13.83801174746732165488
         1        1.31044391165199924920       13.83818830885451411916
         1        1.29346486576364405607       13.83844845680957647005
         1        1.27642454155960405338       13.83879124614317923658
         1        1.25932341218376087078       13.83921935053651530723
         1        1.24215973413252789292       13.83973675487433219189
         1        1.22493095505016391655       13.84034526671837816991
         1        1.20763585157657971081       13.84104558359408088108
         1        1.19027387836486497896       13.84183737697480864881
         1        1.17284511870525687272       13.84265187470066926778
         1        1.15539173630379488067       13.84345436090491254788
         1        1.13793505465012922961       13.84424482757427732338
         1        1.12047508655220817708       13.84502326937569272047
         1        1.10301184319546008439       13.84578968206258942075
         1        1.08554533511973860804       13.84654406000701776236
         1        1.06807557373942452195       13.84728639567008379174
         1        1.05060257167314574644       13.84801667911056632931
         1        1.03312634305112793776       13.84873489737369745001
         1        1.01564690389794098913       13.84944103686435212808
         1        0.99816427067077817537       13.85013508687725192203
         1        0.98067845807590592333       13.85081703971684063958
         1        0.96318947898847651068       13.85148688859271359775
         1        0.94569734575061670245       13.85214462705483029481
         1        0.92820207051980130331       13.85279024999350028224
         1        0.91070366464759722192       13.85342375383932456145
         1        0.89320213855275265580       13.85404513492679257070
         1        0.87569750273479907143       13.85465438757159617467
         1        0.85818976896974852320       13.85525150476484235185
         1        0.84067894988225089214       13.85583648148505986342
         1        0.82316505688621610659       13.85640931537828812736
         1        0.80564809975711415557       13.85697000312363336150
         1        0.78812808889215735242       13.85751853966715962940
         1        0.77060503579022854304       13.85805492143372852354
         1        0.75307895105044486694       13.85857914532454771006
         1        0.73554984499531284037       13.85909120510423697681
         1        0.71801772992796497608       13.85959109231688124453
         1        0.70048261956561708175       13.86007879895948313731
         1        0.68294452737088240379       13.86055431920017433356
         1        0.66540346547470663463       13.86101765064025137519
         1        0.64785944388100524804       13.86146879283403166028
         1        0.63031247138778601080       13.86190774544499859644
         1        0.61276255674021629094       13.86233450818564350016
         1        0.59520970866807332289       13.86274908016454787685
         1        0.57765393629590011670       13.86315146082594296217
         1        0.56009524855352066375       13.86354165147565886684
         1        0.54253365321518121078       13.86391965445080920460
         1        0.52496915741853422688       13.86428547411274436740
         1        0.50740176703690686999       13.86463911728765907583
         1        0.48983148639741530550       13.86498059023427309455
         1        0.47225832018860547379       13.86530989696310278703
         1        0.45468227452247927944       13.86562703746127844795
         1        0.43710335806032252215       13.86593201039723766144
         1        0.41952158031150460493       13.86622482172715109527
         1        0.40193694619313413696       13.86650547977965963753
         1        0.38434945912572454629       13.86677398405354466604
         1        0.38082514211971896234       13.86704009856833685888
         1        0.37728880749648935344       13.86730381490763441832
         1        0.37374042540290408621       13.86756512268784469200
         1        0.37017996728724622546       13.86782401076282411623
         1        0.36660740514139772417       13.86808046909115077483
         1        0.36302271031117644418       13.86833448661349876829
         1        0.35942585485031913750       13.86858605391396537243
         1        0.35581680981841939948       13.86883516580726904976
         1        0.35219554360857036057       13.86908181244830906564
         1        0.34856202764965149576       13.86932597456676852232
         1        0.34491623950757543948       13.86956763996148112028
         1        0.34125815227814149111       13.86980680556163569861
         1        0.33758773321276369650       13.87004345862433574155
         1        0.33390495586216267787       13.87027758805462696046
         1        0.33020979277651307804       13.87050919183525188316
         1        0.32650221066037626860       13.87073825529144954771
         1        0.32278218449312767735       13.87096476241629439130
         1        0.31904969020417528469       13.87118870580686014193
         1        0.31530469817936646049       13.87141007111048196521
         1        0.31154718340707648894       13.87162884794355122153
         1        0.30777711834880733255       13.87184502806412744746
         1        0.30399447411867736024       13.87205859298064325458
         1        0.30019922863644854516       13.87226952854861927733
         1        0.29639135705182806380       13.87247782379891702931
         1        0.29257083249444815198       13.87268346388626305554
         1        0.28873763072686747799       13.87288643437559088056
         1        0.28489172732304290925       13.87308672016303923158
         1        0.28103309838352552585       13.87328430931033373952
         1        0.27716171798634919865       13.87347919245133454069
         1        0.27327755856473079366       13.87367135771209447626
         1        0.26938059428703842180       13.87386079272537031670
         1        0.26547079972318093910       13.87404748612558869070
         1        0.26154814884526439434       13.87423143055065821727
         1        0.25761261300533372376       13.87441261900428735032
         1        0.25366416336020675137       13.87459103271883442687
         1        0.24970277905174798061       13.87476665985754031851
         1        0.24572843464645169331       13.87493950617574434148
         1        0.24174109288212417002       13.87510954893952153100
         1        0.23774073579373636300       13.87527676601693826797
         1        0.23372734513264151190       13.87544117507532170919
         1        0.22970087570563690882       13.87560275097291118129
         1        0.22566131141806847205       13.87576146495057649588
         1        0.22160863878169945185       13.87591733578803498972
         1        0.21754281196239419471       13.87607032940542239885
         1        0.21346382125656082618       13.87622041898516123126
         1        0.20937165215984696043       13.87636761876532176530
         1        0.20526626209850687421       13.87651189158759379438
         1        0.20114764383485941868       13.87665322091555708539
         1        0.19701577610651549444       13.87679161130231619836
         1        0.19287062317937583855       13.87692702909467001859
         1        0.18871217576000368088       13.87705947149525265161
         1        0.18454040334439661408       13.87718894144645709332
         1        0.18035527147562002703       13.87731541278097324721
         1        0.17615676595575963104       13.87743888385961810172
         1        0.17194485563893383007       13.87755935914014315813
